01100
01110
01120
01200
01210
01212
01230
01232
01250
01240
01220
01310
01320
00010
00020
00030
00040
00051
00052
00053
00500
00620
00630
00640
00650
00660
00562
00190
00195
00196
00710
00720
00680
00910
00920
00061
00062
00071
00073
00074
00100
00120
00121
00140
00561
00564
00565
00600
00590
00591
00592
01040
00230
00240
00250
00260
00270
00280
00290
00300
00310
00220
00330
00340
00350
00360
00380
00400
00410
00430
00440
00450
00460
00470
00480
00520
00541
00510
00513
00512
00515
00514
00532
00534
00533
00531
00563
00601
00603
00604
00511
00540
00542
00550
00552
00571
00572
00543
00730
00740
00750
00760
00770
00780
00785
00790
00670
00830
00860
00130
00900
00902
00909
00904
00906
00905
00981
00908
00903
00907
01052
00522
01051
01059
01056
01057
00253
00523
01054
01053
01055
00940
00945
00941
00944
00942
00943
00946
00901
00403
00950
00960
00996
00232
00965
00966
00402
00311
00332
00261
00331
00521
00524
00525
00401
00404
00405
00333
00254
00998
00999
00997
00362
00627
00364
00625
00361
00623
00622
00633
00642
00643
00791
00930
00363
00621
00626
00624
00365
00984
00980
00982
00983
01010
01060
01061
01062
01063
01064
01065
01066
01070
03020
03022
03040
03010
00970
03013
03015
03008
03060
04141
04130
04120
04122
03050
03018
03030
03410
03420
03430
03440
03450
03460
03082
03083
03230
03240
03250
03260
03271
03262
03261
03263
03264
03265
03273
03272
03266
03268
03267
03259
03258
02010
02060
03070
02020
04010
04013
04016
04011
04012
04014
04015
04310
04330
04340
04341
04350
04390
04391
04392
04370
04371
04630
04064
04668
04066
04068
04020
04070
04072
04071
04024
04022
04151
04152
04150
04075
04080
04082
04081
04060
04061
04512
04514
04144
04145
04142
04146
04140
04138
04136
04137
04139
04148
04110
04111
04112
04113
04114
04210
04214
04215
04216
04217
04115
04218
04510
04520
04530
04540
04550
02024
05111
02025
02026
02030
02040
04814
04820
04810
04640
04610
04611
04613
04620
04624
04621
04622
04623
04625
04650
04612
04660
04658
04659
04657
04662
04664
04666
04670
04672
04062
04911
04910
04922
04923
04920
03320
04929
04912
04913
04915
04914
04917
04921
04926
04935
04918
04919
04928
04916
04924
04614
04925
04927
04260
04261
04270
04970
04971
04972
04976
04973
04974
04975
04979
04977
04981
04980
04978
04962
04960
04961
04964
04966
04724
04727
04725
04728
04726
04720
04730
04723
04721
04722
04744
04745
04740
04742
04750
04320
04360
04361
04380
04382
04211
04212
04213
04710
04713
04711
04712
04714
04626
05200
05202
05206
05205
05204
05207
05208
05203
05230
05231
05235
05210
05212
05225
05226
05214
05216
05221
05220
05217
05218
05211
05219
05215
05213
05224
05222
05223
05166
05170
05161
05160
05171
05164
05162
05168
05163
05167
05169
05165
05110
05120
05130
05132
05131
05135
05133
05134
05150
05152
05100
05146
05144
05145
05140
05142
05143
05310
05322
05323
05320
05321
05330
05332
05340
05010
05012
05014
05016
05017
05020
05022
05030
05031
05032
05033
05034
05417
05418
05410
05412
05414
05415
05416
04930
04940
04950
04936
04932
04931
04933
04934
01501
01502
01503
01521
01524
01523
01522
07011
07012
07013
07021
07019
07020
07014
07023
07026
07044
07053
07040
07041
07042
07043
07045
07032
07030
07033
07015
07039
07028
07029
07031
07027
07056
07057
07055
07016
07017
07018
07037
07038
07046
07047
07048
07049
07050
07051
07052
07054
07220
07215
07214
07213
07212
07227
07211
07228
07224
07229
07225
07226
07223
07222
07221
07230
07036
07231
07232
07235
07233
07234
07216
07219
07024
07217
07218
07025
07034
07035
07110
07112
07114
07117
